90 max 1.1618839137503045 res 291 / 479
99 max 1.1435516583904892 res 342 / 786
108 max 1.1240430867859807 res 127 / 1258
117 max 1.0948622395804561 res 32 / 1900
126 max 1.0704624789185535 res 24 / 2775
135 max 1.0537173719519464 res 12 / 3889
[(((1, 0), (1, 0), (1, 0), (1, 0), (2, 1), (2, 1), (7, 13)), 1.0090250399973484), (((1, 0), (1, 0), (1, 0), (1, 0), (1, 0), (2, 1), (2, 1), (6, 13)), 1.0010576659427615), (((1, 0), (1, 0), (1, 0), (1, 0), (1, 0), (2, 1), (8, 14)), 1.0099192119335296), (((1, 0), (1, 0), (1, 0), (1, 0), (1, 0), (3, 2), (7, 13)), 1.0072732604140195), (((1, 0), (1, 0), (1, 0), (1, 0), (1, 0), (3, 3), (7, 12)), 1.0071426057602386), (((1, 0), (1, 0), (1, 0), (1, 0), (1, 0), (1, 0), (2, 1), (7, 14)), 1.0276439797618115), (((1, 0), (1, 0), (1, 0), (1, 0), (1, 0), (1, 0), (9, 15)), 1.0108891515927905), (((1, 0), (1, 0), (1, 0), (1, 0), (1, 0), (1, 0), (1, 0), (2, 1), (6, 14)), 1.0166824997055013), (((1, 0), (1, 0), (1, 0), (1, 0), (1, 0), (1, 0), (1, 0), (8, 15)), 1.0537173719519464), (((1, 0), (1, 0), (1, 0), (1, 0), (1, 0), (1, 0), (1, 0), (1, 0), (7, 15)), 1.045054807932719), (((1, 0), (1, 0), (1, 0), (1, 0), (1, 0), (1, 0), (1, 0), (1, 0), (1, 0), (6, 15)), 1.032785701111382), (((1, 0), (1, 0), (1, 0), (1, 0), (1, 0), (1, 0), (1, 0), (1, 0), (1, 0), (1, 0), (5, 15)), 1.014041930300232)]
144 max 1.029739954119551 res 6 / 5320
[(((1, 0), (1, 0), (1, 0), (1, 0), (1, 0), (2, 1), (8, 15)), 1.0115686770738685), (((1, 0), (1, 0), (1, 0), (1, 0), (1, 0), (1, 0), (2, 1), (7, 15)), 1.0032526156154102), (((1, 0), (1, 0), (1, 0), (1, 0), (1, 0), (1, 0), (9, 16)), 1.0229787702149349), (((1, 0), (1, 0), (1, 0), (1, 0), (1, 0), (1, 0), (1, 0), (8, 16)), 1.029739954119551), (((1, 0), (1, 0), (1, 0), (1, 0), (1, 0), (1, 0), (1, 0), (1, 0), (7, 16)), 1.0204943324109053), (((1, 0), (1, 0), (1, 0), (1, 0), (1, 0), (1, 0), (1, 0), (1, 0), (1, 0), (6, 16)), 1.0073882353008978)]
153 max 1.0079662193317624 res 2 / 7081
[(((1, 0), (1, 0), (1, 0), (1, 0), (1, 0), (1, 0), (9, 17)), 1.0079662193317624), (((1, 0), (1, 0), (1, 0), (1, 0), (1, 0), (1, 0), (1, 0), (8, 17)), 1.0065502870247351)]
162 max 0.9918133757103792 res 0 / 9266
[]
