87 13: 1.0758184386576894 3 14: 1.090218545727556 35
90 13: 1.0717093753367402 3 14: 0.0 0
96 13: 1.0435438854979588 5 14: 1.0758184386576894 67
99 13: 1.049409012386685 6 14: 0.0 0
105 13: 1.0297318938042028 4 14: 1.0435438854979588 45
108 13: 1.0167720328501237 5 14: 0.0 0
114 13: 0.9973319180465695 0 14: 1.011269332338228 8
[(54, ((1, 0), (1, 0), (1, 0), (1, 0), (1, 0), (1, 0), (1, 0), (1, 0), (1, 0), (1, 0), (4, 6)), 1.011269332338228), (63, ((1, 0), (1, 0), (1, 0), (1, 0), (1, 0), (1, 0), (1, 0), (1, 0), (2, 1), (4, 6)), 1.0073103204839677), (63, ((1, 0), (1, 0), (1, 0), (1, 0), (1, 0), (1, 0), (1, 0), (1, 0), (1, 0), (5, 7)), 1.006462030501118), (72, ((1, 0), (1, 0), (1, 0), (1, 0), (1, 0), (1, 0), (2, 1), (2, 1), (4, 6)), 1.0020499986463072), (72, ((1, 0), (1, 0), (1, 0), (1, 0), (1, 0), (1, 0), (1, 0), (2, 1), (5, 7)), 1.0002345507446913), (72, ((1, 0), (1, 0), (1, 0), (1, 0), (1, 0), (1, 0), (1, 0), (3, 2), (4, 6)), 1.000227616215996), (72, ((1, 0), (1, 0), (1, 0), (1, 0), (1, 0), (1, 0), (1, 0), (1, 0), (6, 8)), 1.000790189628444), (72, ((1, 0), (1, 0), (1, 0), (1, 0), (1, 0), (1, 0), (1, 0), (1, 0), (1, 0), (5, 8)), 1.0038310903527106)]
117 13: 0.9850726646795517 0 14: 0.0 0
123 13: 0.9658763693194601 0 14: 0.9845993299532975 0
[]
126 13: 0.9626849893998444 0 14: 0.0 0
132 13: 0.9437340968354492 0 14: 0.9794251065539604 0
[]
135 13: 0.9346668465231261 0 14: 0.0 0
141 13: 0.9226218929928345 0 14: 0.9718274147578067 0
[]
144 13: 0.9176580232803896 0 14: 0.0 0
150 13: 0.8968022504650499 0 14: 0.9632204699497964 0
[]
153 13: 0.8955390858293717 0 14: 0.0 0
159 13: 0.8773072793834165 0 14: 0.9392582147771565 0
[]
162 13: 0.873124571527997 0 14: 0.0 0
168 13: 0.8562129593965331 0 14: 0.9192266282295514 0
[]
